0010060021
0010060012
0010099993
0012060031
0012060172
0012099993
0013060041
0013060052
0013099993
0014060051
0014099992
00140    3
0015060051
0015099992
00150    3
0016060041
0016099992
00160    3
0017060271
0017099992
00170    3
0018060061
0018099992
00180    3
0019060041
0019099992
00190    3
0020060071
0020099992
00200    3
0021060071
0021099992
00210    3
0022060061
0022099992
00220    3
0023060091
0023099992
00230    3
0024060091
0024099992
00240    3
0025060101
0025060112
0025099993
0026060111
0026060472
0026099993
0027060121
0027099992
00270    3
0028060131
0028099992
00280    3
0029060121
0029099992
00290    3
0030060141
0030060132
0030099993
0031060151
0031099992
00310    3
0032060151
0032099992
00320    3
0033060161
0033099992
00330    3
0034060161
0034099992
00340    3
0035060951
0035099992
00350    3
0036060951
0036099992
00360    3
0037060761
0037099992
00370    3
0038060761
0038099992
00380    3
0039060761
0039061082
0039099993
0040060181
0040099992
00400    3
0041061081
0041099992
00410    3
0042060871
0042060202
0042099993
0043060871
0043060202
0043099993
0044061101
0044099992
00440    3
0050060881
0050060212
0050099993
0051060251
0051060232
0051099993
0052060251
0052099992
00520    3
0053060891
0053099992
00530    3
0054060251
0054060232
0054099993
0055060291
0055099992
00550    3
0056060241
0056099992
00560    3
0057060311
0057099992
00570    3
0058060211
0058099992
00580    3
0059060461
0059099992
00590    3
0060060321
0060099992
00600    3
0061060321
0061099992
00610    3
0062060321
0062099992
00620    3
0063060861
0063099992
00630    3
0064060331
0064099992
00640    3
0065060331
0065099992
00650    3
0066060981
0066099992
00660    3
0067060981
0067099992
00670    3
0068060331
0068099992
00680    3
0069060981
0069060432
0069099993
0070060351
0070099992
00700    3
0071060371
0071099992
00710    3
0072060381
0072099992
00720    3
0073060391
0073099992
00730    3
0074060401
0074099992
00740    3
0075060931
0075099992
00750    3
0076060931
0076099992
00760    3
0077060421
0077099992
00770    3
0078060431
0078099992
00780    3
0080060971
0080099992
00800    3
0081060441
0081099992
00810    3
0082060451
0082099992
00820    3
0083060451
0083099992
00830    3
0084060461
0084099992
00840    3
0085060461
0085099992
00850    3
0086060461
0086099992
00860    3
0087060461
0087099992
00870    3
0088060451
0088099992
00880    3
0089063011
0089060542
0089099993
0090060501
0090060482
0090099993
0091060481
0091099992
00910    3
0092060491
0092099992
00920    3
0093060921
0093060502
0093099993
0094060511
0094061122
0094099993
0095060481
0095099992
00950    3
0096060521
0096099992
00960    3
0097060911
0097099992
00970    3
0098068331
0098099992
00980    3
0099068331
0099099992
00990    3
0110063011
0110060542
0110099993
0112063011
0112099992
01120    3
0115063011
0115099992
01150    3
0118063011
0118099992
01180    3
0119063011
0119099992
01190    3
0120060541
0120099992
01200    3
0123060421
0123099992
01230    3
0126060541
0126099992
01260    3
0128060551
0128099992
01280    3
0130068301
0130099992
01300    3
0135060571
0135061112
0135099993
0136060591
0136060582
0136099993
0137068301
0137099992
01370    3
0138068301
0138099992
01380    3
0139061111
0139060592
0139099993
0140060581
0140099992
01400    3
0142060581
0142099992
01420    3
0145060601
0145060612
0145099993
0148061021
0148099992
01480    3
0149061021
0149099992
01490    3
0151060621
0151068262
0151099993
0152060621
0152068262
0152099993
0153060621
0153099992
01530    3
0160060631
0160099992
01600    3
0161060651
0161099992
01610    3
0162060661
0162099992
01620    3
0163060671
0163099992
01630    3
0164060671
0164099992
01640    3
0165061061
0165099992
01650    3
0166060671
0166099992
01660    3
0167060661
0167099992
01670    3
0168060671
0168099992
01680    3
0169060621
0169099992
01690    3
0170061091
0170099992
01700    3
0171060671
0171099992
01710    3
0172060661
0172099992
01720    3
0173061091
0173099992
01730    3
0174061091
0174099992
01740    3
0175061091
0175099992
01750    3
0176061091
0176099992
01760    3
0177060661
0177099992
01770    3
0180063201
0180099992
01800    3
0181063201
0181099992
01810    3
0182063201
0182099992
01820    3
0183063201
0183099992
01830    3
0184063201
0184099992
01840    3
0186063201
0186099992
01860    3
0190063211
0190099992
01900    3
0194063211
0194099992
01940    3
0210060681
0210099992
02100    3
0211060681
0211099992
02110    3
0212060681
0212099992
02120    3
0213060681
0213099992
02130    3
0214060531
0214099992
02140    3
0215060691
0215099992
02150    3
0216060701
0216099992
02160    3
0217060701
0217099992
02170    3
0218060711
0218099992
02180    3
0220060721
0220099992
02200    3
0221060731
0221099992
02210    3
0223060741
0223099992
02230    3
0224060731
0224099992
02240    3
0226060771
0226099992
02260    3
0227060741
0227099992
02270    3
0228060731
0228099992
02280    3
0229060731
0229099992
02290    3
0230060771
0230099992
02300    3
0232061131
0232099992
02320    3
0233061131
0233099992
02330    3
0234060831
0234099992
02340    3
0236060771
0236099992
02360    3
0238060771
0238099992
02380    3
0240063021
0240099992
02400    3
0241063021
0241099992
02410    3
0242063031
0242099992
02420    3
0243063031
0243099992
02430    3
0244063031
0244099992
02440    3
0245063031
0245099992
02450    3
0246063021
0246099992
02460    3
0247063021
0247099992
02470    3
0248063021
0248099992
02480    3
0249063021
0249099992
02490    3
0251063031
0251099992
02510    3
0260068281
0260099992
02600    3
0261060781
0261068282
0261099993
0262060791
0262099992
02620    3
0263060711
0263099992
02630    3
0265060781
0265099992
02650    3
0266060781
0266099992
02660    3
0268060781
0268099992
02680    3
0270060801
0270099992
02700    3
0271060811
0271099992
02710    3
0272060821
0272099992
02720    3
0273060821
0273099992
02730    3
0274060831
0274099992
02740    3
0275060801
0275099992
02750    3
0276060831
0276099992
02760    3
0277060841
0277099992
02770    3
0278061051
0278099992
02780    3
0281060831
0281099992
02810    3
0282060831
0282099992
02820    3
0286060831
0286099992
02860    3
0288063041
0288099992
02880    3
0292060671
0292099992
02920    3
0294060821
0294099992
02940    3
0297063201
0297099992
02970    3
0298063201
0298099992
02980    3
0310063051
0310099992
03100    3
0315063051
0315099992
03150    3
0322063051
0322099992
03220    3
0325063051
0325099992
03250    3
0330063061
0330099992
03300    3
0332063061
0332099992
03320    3
0340063061
0340099992
03400    3
0343063061
0343099992
03430    3
0360063071
0360099992
03600    3
0362063071
0362099992
03620    3
0371063071
0371099992
03710    3
0381063071
0381099992
03810    3
0413063081
0413099992
04130    3
0415063081
0415099992
04150    3
0417063081
0417063382
0417099993
0420063091
0420099992
04200    3
0422063091
0422099992
04220    3
0423063091
0423099992
04230    3
0424063091
0424099992
04240    3
0425063091
0425099992
04250    3
0426063101
0426099992
04260    3
0430063111
0430099992
04300    3
0431063111
0431099992
04310    3
0432063421
0432099992
04320    3
0433063111
0433099992
04330    3
0434063091
0434099992
04340    3
0435063111
0435099992
04350    3
0436063421
0436099992
04360    3
0437063111
0437099992
04370    3
0438063381
0438099992
04380    3
0439063111
0439099992
04390    3
0440063381
0440099992
04400    3
0441068311
0441099992
04410    3
0442063381
0442068312
0442099993
0443063381
0443068312
0443099993
0444063121
0444099992
04440    3
0446063121
0446099992
04460    3
0450063121
0450099992
04500    3
0460063131
0460099992
04600    3
0462063131
0462099992
04620    3
0463063131
0463099992
04630    3
0466063131
0466099992
04660    3
0468063131
0468099992
04680    3
0474063131
0474099992
04740    3
0477063131
0477099992
04770    3
0482063131
0482099992
04820    3
0484063131
0484099992
04840    3
0492063131
0492099992
04920    3
0494063131
0494099992
04940    3
0510063221
0510099992
05100    3
0520063221
0520099992
05200    3
0525063221
0525099992
05250    3
0540063321
0540099992
05400    3
0543063321
0543099992
05430    3
0545063321
0545099992
05450    3
0546063391
0546099992
05460    3
0547063391
0547099992
05470    3
0551063321
0551099992
05510    3
0562063221
0562099992
05620    3
0572063391
0572099992
05720    3
0580063231
0580063342
0580099993
0581068251
0581099992
05810    3
0582063241
0582099992
05820    3
0583063391
0583099992
05830    3
0584063391
0584099992
05840    3
0585063391
0585099992
05850    3
0586063391
0586099992
05860    3
0588063231
0588099992
05880    3
0590063231
0590099992
05900    3
0595063391
0595099992
05950    3
0610063141
0610099992
06100    3
0615063161
0615099992
06150    3
0620063161
0620099992
06200    3
0640063331
0640099992
06400    3
0645063331
0645099992
06450    3
0650063141
0650099992
06500    3
0653063141
0653099992
06530    3
0665063331
0665099992
06650    3
0675063331
0675099992
06750    3
0683063331
0683099992
06830    3
0685063331
0685099992
06850    3
0688063011
0688099992
06880    3
0695063331
0695099992
06950    3
0711063331
0711099992
07110    3
0713063081
0713099992
07130    3
0715063081
0715099992
07150    3
0717063381
0717099992
07170    3
0722063141
0722099992
07220    3
0723063141
0723099992
07230    3
0728063161
0728099992
07280    3
0731063161
0731099992
07310    3
0732063161
0732099992
07320    3
0735063161
0735099992
07350    3
0736063161
0736099992
07360    3
0737063161
0737099992
07370    3
0739063161
0739099992
07390    3
0741063161
0741099992
07410    3
0745063161
0745099992
07450    3
0750063141
0750099992
07500    3
0751063141
0751099992
07510    3
0790067161
0790099992
07900    3
0791067161
0791099992
07910    3
0792067161
0792099992
07920    3
0793067161
0793099992
07930    3
0794067161
0794099992
07940    3
0794567161
0794599992
07945    3
0795567161
0795599992
07955    3
0796067161
0796099992
07960    3
0810063401
0810099992
08100    3
0815063401
0815099992
08150    3
0820063401
0820099992
08200    3
0835063181
0835099992
08350    3
0836063181
0836099992
08360    3
0845063181
0845099992
08450    3
0848063181
0848099992
08480    3
0850063181
0850099992
08500    3
0868063181
0868099992
08680    3
0870063191
0870099992
08700    3
0880063191
0880099992
08800    3
0952063181
0952099992
09520    3
1012063361
1012099992
10120    3
1014063361
1014099992
10140    3
1016063361
1016099992
10160    3
1021063361
1021099992
10210    3
1023063361
1023099992
10230    3
1025063361
1025099992
10250    3
1027063361
1027099992
10270    3
1030063291
1030099992
10300    3
1032063291
1032099992
10320    3
1033063291
1033099992
10330    3
1035063291
1035099992
10350    3
1036063291
1036099992
10360    3
1038063291
1038099992
10380    3
1041063291
1041099992
10410    3
1042063291
1042099992
10420    3
1044063291
1044099992
10440    3
1047063291
1047099992
10470    3
1048063291
1048099992
10480    3
1060063301
1060099992
10600    3
1061163301
1061199992
10611    3
1062063301
1062099992
10620    3
1064063301
1064099992
10640    3
1065063301
1065099992
10650    3
1066063301
1066099992
10660    3
1068063301
1068099992
10680    3
1082063311
1082099992
10820    3
1090063311
1090099992
10900    3
1094063311
1094099992
10940    3
1096063311
1096099992
10960    3
1110063251
1110099992
11100    3
1111063251
1111099992
11110    3
1112063261
1112099992
11120    3
1113063251
1113099992
11130    3
1131063261
1131099992
11310    3
1171063251
1171099992
11710    3
1191063251
1191099992
11910    3
1210063271
1210099992
12100    3
1213063271
1213099992
12130    3
1217063271
1217099992
12170    3
1221063271
1221099992
12210    3
1224063271
1224099992
12240    3
1231063261
1231099992
12310    3
1235063261
1235099992
12350    3
1238066011
1238099992
12380    3
1240066011
1240099992
12400    3
1245066011
1245099992
12450    3
1252063251
1252099992
12520    3
1254063281
1254099992
12540    3
1260063281
1260099992
12600    3
1263063281
1263099992
12630    3
1264063281
1264099992
12640    3
1270063281
1270099992
12700    3
1275063281
1275099992
12750    3
1282063281
1282099992
12820    3
1292063281
1292099992
12920    3
1295063281
1295099992
12950    3
1310066021
1310099992
13100    3
1311066021
1311099992
13110    3
1313066031
1313099992
13130    3
1320066041
1320099992
13200    3
1321066041
1321099992
13210    3
1322066041
1322099992
13220    3
1325066021
1325099992
13250    3
1327066041
1327099992
13270    3
1330066041
1330099992
13300    3
1333066071
1333099992
13330    3
1343066021
1343099992
13430    3
1350066051
1350099992
13500    3
1353066051
1353099992
13530    3
1360068131
1360099992
13600    3
1370066061
1370099992
13700    3
1372066061
1372099992
13720    3
1380066061
1380099992
13800    3
1388066061
1388099992
13880    3
1390066041
1390099992
13900    3
1414066071
1414099992
14140    3
1420066071
1420099992
14200    3
1424066071
1424099992
14240    3
1430066041
1430099992
14300    3
1433066041
1433099992
14330    3
1437066041
1437099992
14370    3
1443066051
1443099992
14430    3
1445066081
1445099992
14450    3
1450066081
1450099992
14500    3
1453066061
1453099992
14530    3
1458066081
1458099992
14580    3
1461066061
1461099992
14610    3
1462066061
1462099992
14620    3
1510066151
1510099992
15100    3
1511066151
1511099992
15110    3
1514068231
1514099992
15140    3
1515066641
1515099992
15150    3
1516068231
1516099992
15160    3
1517066641
1517099992
15170    3
1520066181
1520099992
15200    3
1521068231
1521099992
15210    3
1523068231
1523099992
15230    3
1524066191
1524099992
15240    3
1525066191
1525099992
15250    3
1527066191
1527099992
15270    3
1530066201
1530099992
15300    3
1532066201
1532099992
15320    3
1534066201
1534099992
15340    3
1546066201
1546099992
15460    3
1550066151
1550099992
15500    3
1552066151
1552099992
15520    3
1554067641
1554099992
15540    3
1555067641
1555099992
15550    3
1556067641
1556099992
15560    3
1557067641
1557099992
15570    3
1558067641
1558099992
15580    3
1561066211
1561099992
15610    3
1568066211
1568099992
15680    3
1570066211
1570099992
15700    3
1580067681
1580099992
15800    3
1581067681
1581099992
15810    3
1582066211
1582099992
15820    3
1583067681
1583099992
15830    3
1584067681
1584099992
15840    3
1585067681
1585099992
15850    3
1586066221
1586099992
15860    3
1587066221
1587099992
15870    3
1588066221
1588099992
15880    3
1590066361
1590099992
15900    3
1595066361
1595099992
15950    3
1598066361
1598099992
15980    3
1610067641
1610099992
16100    3
1616067641
1616099992
16160    3
1628067641
1628099992
16280    3
1630066231
1630099992
16300    3
1631066231
1631099992
16310    3
1632066231
1632099992
16320    3
1633066231
1633099992
16330    3
1635066231
1635099992
16350    3
1639066231
1639099992
16390    3
1645066231
1645099992
16450    3
1650066221
1650099992
16500    3
1651066211
1651099992
16510    3
1654066241
1654099992
16540    3
1660066241
1660099992
16600    3
1661066241
1661099992
16610    3
1663066221
1663099992
16630    3
1667066241
1667099992
16670    3
1671066221
1671099992
16710    3
1673066361
1673099992
16730    3
1679066221
1679099992
16790    3
1680066091
1680099992
16800    3
1690066091
1690099992
16900    3
1694066091
1694099992
16940    3
1696066091
1696099992
16960    3
1697066091
1697099992
16970    3
1698066091
1698099992
16980    3
1711066191
1711099992
17110    3
1712066191
1712099992
17120    3
1713066251
1713099992
17130    3
1715066251
1715099992
17150    3
1720066251
1720099992
17200    3
1722066251
1722099992
17220    3
1732066251
1732099992
17320    3
1741066251
1741099992
17410    3
1743066251
1743099992
17430    3
1744066251
1744099992
17440    3
1745066251
1745099992
17450    3
1747067651
1747099992
17470    3
1750067651
1750099992
17500    3
1751067651
1751099992
17510    3
1753067651
1753099992
17530    3
1761067651
1761099992
17610    3
1763067651
1763099992
17630    3
1771067651
1771099992
17710    3
1774067651
1774099992
17740    3
1778066261
1778099992
17780    3
1780066261
1780099992
17800    3
1784066261
1784099992
17840    3
1785066261
1785099992
17850    3
1787066261
1787099992
17870    3
1793066261
1793099992
17930    3
1795066261
1795099992
17950    3
1797066261
1797099992
17970    3
1810066271
1810099992
18100    3
1812066271
1812099992
18120    3
1813066551
1813099992
18130    3
1815066551
1815099992
18150    3
1820066271
1820099992
18200    3
1830066271
1830099992
18300    3
1860066551
1860099992
18600    3
1911066551
1911099992
19110    3
1912066551
1912099992
19120    3
1916066551
1916099992
19160    3
1921066271
1921099992
19210    3
1923066271
1923099992
19230    3
1925066271
1925099992
19250    3
1926066551
1926099992
19260    3
1931066291
1931099992
19310    3
1932066291
1932099992
19320    3
1937066291
1937099992
19370    3
1960066281
1960099992
19600    3
1961066281
1961099992
19610    3
1962066281
1962099992
19620    3
1963066281
1963099992
19630    3
1970066291
1970099992
19700    3
1973066291
1973099992
19730    3
1974066291
1974099992
19740    3
1977066291
1977099992
19770    3
1985066281
1985099992
19850    3
2010066321
2010066312
2010067663
2020066321
2020099992
20200    3
2021067821
2021099992
20210    3
2024067821
2024099992
20240    3
2025066321
2025099992
20250    3
2030066801
2030099992
20300    3
2032066331
2032099992
20320    3
2036066341
2036099992
20360    3
2038066341
2038099992
20380    3
2040066341
2040099992
20400    3
2046066341
2046099992
20460    3
2050066351
2050099992
20500    3
2052066351
2052099992
20520    3
2054066381
2054099992
20540    3
2061066391
2061099992
20610    3
2066066391
2066099992
20660    3
2070066351
2070099992
20700    3
2072066351
2072099992
20720    3
2073068171
2073099992
20730    3
2074068201
2074099992
20740    3
2075066391
2075099992
20750    3
2076066821
2076099992
20760    3
2078066821
2078099992
20780    3
2080067861
2080099992
20800    3
2081067861
2081068182
2081099993
2088068181
2088099992
20880    3
2090068211
2090099992
20900    3
2096068211
2096099992
20960    3
2110066431
2110099992
21100    3
2111066431
2111099992
21110    3
2112066431
2112099992
21120    3
2113066431
2113099992
21130    3
2114066431
2114099992
21140    3
2115066431
2115099992
21150    3
2116066431
2116099992
21160    3
2120066441
2120099992
21200    3
2121066441
2121099992
21210    3
2122066441
2122099992
21220    3
2126066441
2126099992
21260    3
2128066441
2128099992
21280    3
2133066451
2133099992
21330    3
2134066451
2134099992
21340    3
2135066461
2135099992
21350    3
2136066461
2136099992
21360    3
2137066451
2137099992
21370    3
2138066451
2138099992
21380    3
2141066461
2141099992
21410    3
2142066461
2142099992
21420    3
2143066461
2143099992
21430    3
2145066461
2145099992
21450    3
2148066461
2148099992
21480    3
2149067881
2149099992
21490    3
2150067871
2150099992
21500    3
2151066471
2151099992
21510    3
2152066471
2152099992
21520    3
2153066471
2153099992
21530    3
2154066471
2154099992
21540    3
2155566471
2155599992
21555    3
2157066471
2157099992
21570    3
2160066481
2160099992
21600    3
2161066481
2161099992
21610    3
2162066821
2162099992
21620    3
2163066481
2163099992
21630    3
2180067881
2180099992
21800    3
2182067881
2182099992
21820    3
2184067881
2184099992
21840    3
2350066491
2350066502
2350099993
2360066491
2360066502
2360099993
2366066491
2366066502
2366099993
2380066511
2380099992
23800    3
2384066511
2384099992
23840    3
2388066511
2388099992
23880    3
2410066561
2410099992
24100    3
2413066561
2413099992
24130    3
2424066561
2424099992
24240    3
2426066561
2426099992
24260    3
2428066561
2428099992
24280    3
2480066571
2480099992
24800    3
2491066571
2491099992
24910    3
2513066561
2513099992
25130    3
2517066561
2517099992
25170    3
2519066561
2519099992
25190    3
2521066571
2521099992
25210    3
2523066571
2523099992
25230    3
2524066571
2524099992
25240    3
2525066571
2525099992
25250    3
2526066571
2526099992
25260    3
2550066581
2550099992
25500    3
2552066581
2552099992
25520    3
2554066581
2554099992
25540    3
2556066581
2556099992
25560    3
2561066581
2561099992
25610    3
2566066581
2566099992
25660    3
2570066521
2570099992
25700    3
2571066521
2571099992
25710    3
2573066521
2573099992
25730    3
2576066521
2576099992
25760    3
2581066521
2581099992
25810    3
2582066521
2582099992
25820    3
2610066591
2610068102
2610099993
2620066591
2620099992
26200    3
2651066591
2651099992
26510    3
2656066591
2656099992
26560    3
2666067671
2666099992
26660    3
2672067671
2672099992
26720    3
2674067671
2674099992
26740    3
2682068101
2682099992
26820    3
2684068101
2684099992
26840    3
2691068101
2691099992
26910    3
2693068101
2693099992
26930    3
2695068101
2695099992
26950    3
2710066611
2710099992
27100    3
2711066611
2711099992
27110    3
2713066611
2713099992
27130    3
2715066611
2715099992
27150    3
2716066601
2716099992
27160    3
2717066611
2717099992
27170    3
2750066621
2750099992
27500    3
2751066621
2751099992
27510    3
2780066631
2780099992
27800    3
2782066631
2782099992
27820    3
2791066631
2791099992
27910    3
2792066631
2792099992
27920    3
2810066651
2810068322
2810099993
2812068011
2812099992
28120    3
2813066661
2813099992
28130    3
2819066671
2819099992
28190    3
2820066671
2820099992
28200    3
2822066671
2822099992
28220    3
2824066671
2824099992
28240    3
2826066671
2826099992
28260    3
2830066681
2830099992
28300    3
2833067621
2833099992
28330    3
2836066681
2836099992
28360    3
2837067621
2837099992
28370    3
2840066691
2840099992
28400    3
2843066691
2843099992
28430    3
2845066701
2845099992
28450    3
2850066661
2850099992
28500    3
2854066661
2854099992
28540    3
2856066691
2856099992
28560    3
2858068011
2858099992
28580    3
2860066711
2860099992
28600    3
2861066711
2861099992
28610    3
2866066711
2866099992
28660    3
2876066711
2876099992
28760    3
2880066721
2880099992
28800    3
2884066721
2884099992
28840    3
2888066721
2888099992
28880    3
2890066721
2890099992
28900    3
2910068011
2910099992
29100    3
2912068011
2912099992
29120    3
2918066611
2918099992
29180    3
2920066731
2920099992
29200    3
2925066741
2925099992
29250    3
2927066741
2927099992
29270    3
2928066741
2928099992
29280    3
2931066701
2931099992
29310    3
2957066751
2957099992
29570    3
2960066751
2960099992
29600    3
2963066751
2963099992
29630    3
2964066751
2964099992
29640    3
2968066751
2968099992
29680    3
2974067901
2974099992
29740    3
2975067901
2975099992
29750    3
2976067901
2976099992
29760    3
2990067901
2990099992
29900    3
2992067901
2992099992
29920    3
3010066101
3010068062
3010099993
3030066111
3030099992
30300    3
3042066101
3042099992
30420    3
3111066101
3111099992
31110    3
3113066101
3113099992
31130    3
3117066101
3117099992
31170    3
3123068111
3123099992
31230    3
3125068111
3125099992
31250    3
3130068111
3130099992
31300    3
3131068111
3131099992
31310    3
3134068111
3134099992
31340    3
3135068111
3135099992
31350    3
3140066121
3140099992
31400    3
3141066121
3141099992
31410    3
3145066121
3145099992
31450    3
3146066121
3146099992
31460    3
3147066121
3147099992
31470    3
3149066121
3149099992
31490    3
3152066121
3152099992
31520    3
3153066121
3153099992
31530    3
3160066131
3160099992
31600    3
3161066131
3161099992
31610    3
3162066101
3162099992
31620    3
3163066131
3163099992
31630    3
3164066131
3164099992
31640    3
3170066141
3170099992
31700    3
3172066141
3172099992
31720    3
3173066141
3173099992
31730    3
3175066141
3175099992
31750    3
3176066141
3176099992
31760    3
3181067691
3181099992
31810    3
3183066141
3183099992
31830    3
3185067691
3185099992
31850    3
3186066141
3186099992
31860    3
3190067691
3190099992
31900    3
3193067691
3193099992
31930    3
3195067691
3195099992
31950    3
3197067691
3197099992
31970    3
3210066131
3210099992
32100    3
3214066531
3214099992
32140    3
3220066531
3220067702
3220099993
3221067701
3221099992
32210    3
3225066531
3225099992
32250    3
3226066531
3226099992
32260    3
3227066531
3227099992
32270    3
3228066531
3228099992
32280    3
3241066531
3241099992
32410    3
3243066541
3243099992
32430    3
3244066541
3244099992
32440    3
3245066541
3245099992
32450    3
3256066541
3256099992
32560    3
3270066761
3270099992
32700    3
3271066761
3271099992
32710    3
3276066761
3276099992
32760    3
3280066771
3280099992
32800    3
3281066771
3281099992
32810    3
3283066771
3283099992
32830    3
3286066771
3286099992
32860    3
3291066771
3291099992
32910    3
3292066771
3292099992
32920    3
3310066791
3310099992
33100    3
3318066791
3318099992
33180    3
3320066811
3320099992
33200    3
3321066811
3321099992
33210    3
3323066831
3323099992
33230    3
3324067711
3324099992
33240    3
3325067711
3325099992
33250    3
3327067711
3327099992
33270    3
3330066841
3330099992
33300    3
3331066841
3331099992
33310    3
3333066841
3333099992
33330    3
3334066841
3334099992
33340    3
3338066981
3338099992
33380    3
3340066851
3340099992
33400    3
3341066851
3341099992
33410    3
3342066851
3342099992
33420    3
3343066861
3343099992
33430    3
3345066851
3345099992
33450    3
3347066861
3347099992
33470    3
3348068081
3348099992
33480    3
3350067951
3350099992
33500    3
3352067951
3352099992
33520    3
3353067951
3353099992
33530    3
3354067951
3354099992
33540    3
3356066881
3356099992
33560    3
3358066881
3358099992
33580    3
3370066881
3370099992
33700    3
3371066891
3371099992
33710    3
3372067721
3372099992
33720    3
3373066881
3373099992
33730    3
3380066911
3380099992
33800    3
3382066911
3382099992
33820    3
3384067731
3384099992
33840    3
3385067731
3385099992
33850    3
3388067721
3388099992
33880    3
3390066921
3390099992
33900    3
3392067731
3392099992
33920    3
3395066931
3395099992
33950    3
3396066931
3396099992
33960    3
3398066931
3398099992
33980    3
3411066861
3411099992
34110    3
3441066941
3441099992
34410    3
3442066941
3442099992
34420    3
3443066941
3443099992
34430    3
3445066941
3445099992
34450    3
3460066941
3460099992
34600    3
3464066941
3464099992
34640    3
3471066951
3471099992
34710    3
3473066951
3473099992
34730    3
3474066951
3474099992
34740    3
3477066951
3477099992
34770    3
3480066951
3480099992
34800    3
3487066941
3487066952
3487099993
3491066951
3491099992
34910    3
3493066951
3493099992
34930    3
3495066951
3495099992
34950    3
3497066951
3497099992
34970    3
3498066951
3498099992
34980    3
3510066961
3510099992
35100    3
3526066961
3526099992
35260    3
3530066961
3530099992
35300    3
3532066961
3532099992
35320    3
3570075021
3570099992
35700    3
3574075021
3574099992
35740    3
3580075031
3580099992
35800    3
3582067961
3582099992
35820    3
3593075021
3593099992
35930    3
3599075021
3599099992
35990    3
3610068221
3610099992
36100    3
3611066971
3611099992
36110    3
3612066971
3612099992
36120    3
3620066971
3620099992
36200    3
3622068221
3622099992
36220    3
3624068221
3624099992
36240    3
3627066971
3627099992
36270    3
3628066971
3628099992
36280    3
3634066971
3634099992
36340    3
3652066971
3652099992
36520    3
3657066971
3657099992
36570    3
3660067911
3660099992
36600    3
3666067911
3666099992
36660    3
3710066981
3710099992
37100    3
3712066981
3712099992
37120    3
3713066981
3713099992
37130    3
3714066981
3714099992
37140    3
3715066981
3715099992
37150    3
3718066981
3718099992
37180    3
3720066981
3720099992
37200    3
3721066981
3721099992
37210    3
3724066981
3724099992
37240    3
3731066981
3731099992
37310    3
3750066991
3750099992
37500    3
3753066991
3753099992
37530    3
3755066991
3755099992
37550    3
3756066991
3756099992
37560    3
3757066991
3757099992
37570    3
3760067011
3760099992
37600    3
3763067021
3763099992
37630    3
3770067011
3770099992
37700    3
3777067031
3777099992
37770    3
3780067031
3780067742
3780099993
3783067041
3783099992
37830    3
3786067011
3786099992
37860    3
3796067031
3796099992
37960    3
3812067051
3812099992
38120    3
3813067051
3813099992
38130    3
3814067051
3814099992
38140    3
3820067051
3820099992
38200    3
3821067051
3821099992
38210    3
3822067051
3822099992
38220    3
3825067051
3825099992
38250    3
3827067051
3827099992
38270    3
3828067051
3828099992
38280    3
3860067971
3860099992
38600    3
3865067971
3865099992
38650    3
3867067971
3867099992
38670    3
3868066781
3868099992
38680    3
3870066781
3870099992
38700    3
3871066781
3871099992
38710    3
3872066781
3872099992
38720    3
3874066781
3874099992
38740    3
3875066781
3875099992
38750    3
3876066781
3876099992
38760    3
3877066781
3877099992
38770    3
3884066781
3884099992
38840    3
3886066781
3886099992
38860    3
3891066781
3891099992
38910    3
3892066781
3892099992
38920    3
3897066781
3897099992
38970    3
3910068121
3910099992
39100    3
3911068121
3911099992
39110    3
3912068121
3912099992
39120    3
3913068121
3913099992
39130    3
3916066861
3916099992
39160    3
3917068121
3917099992
39170    3
3918068121
3918099992
39180    3
3919568121
3919599992
39195    3
3920067061
3920099992
39200    3
3923067061
3923099992
39230    3
3929068121
3929099992
39290    3
3950067071
3950099992
39500    3
3951067071
3951099992
39510    3
3953067071
3953099992
39530    3
3958067071
3958099992
39580    3
3961067081
3961099992
39610    3
3962067081
3962099992
39620    3
3966067081
3966099992
39660    3
3970067081
3970099992
39700    3
3975067081
3975099992
39750    3
3977067081
3977099992
39770    3
3978067081
3978099992
39780    3
4010075041
4010075812
4010099993
4020075041
4020099992
40200    3
4025075051
4025099992
40250    3
4027075051
4027099992
40270    3
4032075641
4032099992
40320    3
4034075071
4034099992
40340    3
4035075071
4035099992
40350    3
4040075641
4040099992
40400    3
4042075081
4042099992
40420    3
4050075091
4050099992
40500    3
4052075091
4052099992
40520    3
4053075091
4053099992
40530    3
4060075061
4060099992
40600    3
4062075061
4062099992
40620    3
4063075061
4063099992
40630    3
4064075101
4064099992
40640    3
4066075061
4066099992
40660    3
4070075061
4070099992
40700    3
4072075711
4072099992
40720    3
4074075101
4074099992
40740    3
4080075111
4080099992
40800    3
4082075111
4082099992
40820    3
4090075121
4090099992
40900    3
4093075121
4093099992
40930    3
4095075121
4095099992
40950    3
4116075051
4116099992
41160    3
4126075171
4126099992
41260    3
4127075171
4127099992
41270    3
4129075191
4129075202
4129099993
4131075071
4131099992
41310    3
4132575911
4132599992
41325    3
4133075911
4133099992
41330    3
4134075911
4134099992
41340    3
4135075911
4135099992
41350    3
4136075911
4136099992
41360    3
4140075971
4140099992
41400    3
4141075971
4141099992
41410    3
4144075971
4144099992
41440    3
4145075111
4145099992
41450    3
4163075111
4163099992
41630    3
4180075131
4180099992
41800    3
4182075131
4182099992
41820    3
4184075131
4184099992
41840    3
4186075131
4186099992
41860    3
4187075131
4187099992
41870    3
4188075131
4188099992
41880    3
4190076081
4190099992
41900    3
4192076081
4192099992
41920    3
4192576081
4192599992
41925    3
4197075161
4197099992
41970    3
4198076081
4198099992
41980    3
4210075141
4210099992
42100    3
4212075141
4212099992
42120    3
4214075151
4214099992
42140    3
4228075141
4228099992
42280    3
4230075151
4230099992
42300    3
4233075151
4233099992
42330    3
4244075151
4244099992
42440    3
4252075161
4252099992
42520    3
4256075161
4256099992
42560    3
4270075161
4270099992
42700    3
4272075161
4272099992
42720    3
4280075161
4280099992
42800    3
4282075161
4282099992
42820    3
4287066951
4287099992
42870    3
4310075171
4310099992
43100    3
4313075171
4313099992
43130    3
4317075171
4317099992
43170    3
4322075171
4322099992
43220    3
4324075171
4324099992
43240    3
4325075171
4325099992
43250    3
4327075181
4327099992
43270    3
4349075181
4349099992
43490    3
4350075181
4350099992
43500    3
4352075181
4352099992
43520    3
4354075181
4354099992
43540    3
4356075181
4356099992
43560    3
4361075181
4361099992
43610    3
4364075181
4364099992
43640    3
4366075181
4366099992
43660    3
4410075191
4410099992
44100    3
4412075191
4412099992
44120    3
4415075191
4415099992
44150    3
4416075191
4416099992
44160    3
4417075191
4417099992
44170    3
4419075191
4419099992
44190    3
4420075201
4420099992
44200    3
4422075201
4422099992
44220    3
4425075191
4425099992
44250    3
4426075201
4426099992
44260    3
4448075211
4448099992
44480    3
4450075211
4450099992
44500    3
4453075211
4453099992
44530    3
4458075211
4458099992
44580    3
4459075211
4459099992
44590    3
4461075211
4461099992
44610    3
4463075211
4463099992
44630    3
4464075211
4464099992
44640    3
4467075211
4467099992
44670    3
4468075211
4468099992
44680    3
4473075211
4473099992
44730    3
4474075211
4474099992
44740    3
4476075211
4476099992
44760    3
4477075211
4477099992
44770    3
4479075211
4479099992
44790    3
4480075981
4480099992
44800    3
4486075981
4486099992
44860    3
4491075981
4491099992
44910    3
4492075981
4492099992
44920    3
4495075981
4495099992
44950    3
4497075981
4497099992
44970    3
4510067921
4510099992
45100    3
4512067091
4512099992
45120    3
4513067921
4513099992
45130    3
4515067101
4515099992
45150    3
4516067631
4516099992
45160    3
4520067111
4520099992
45200    3
4533067981
4533099992
45330    3
4536067981
4536099992
45360    3
4537067981
4537099992
45370    3
4561067921
4561099992
45610    3
4570067121
4570099992
45700    3
4572067121
4572067922
4572099993
4574067121
4574099992
45740    3
4575067121
4575099992
45750    3
4591067131
4591099992
45910    3
4594067131
4594099992
45940    3
4623067981
4623099992
46230    3
4680067141
4680099992
46800    3
4681067141
4681099992
46810    3
4686067141
4686099992
46860    3
4690067151
4690099992
46900    3
4691067151
4691099992
46910    3
4693067151
4693099992
46930    3
4695067151
4695099992
46950    3
4696067151
4696099992
46960    3
4711067761
4711099992
47110    3
4715067761
4715099992
47150    3
4720067761
4720099992
47200    3
4726067761
4726099992
47260    3
4731066301
4731099992
47310    3
4735067761
4735099992
47350    3
4740066301
4740099992
47400    3
4744066301
4744099992
47440    3
4745066301
4745099992
47450    3
4746066301
4746099992
47460    3
4749066301
4749099992
47490    3
4752066301
4752099992
47520    3
4754066301
4754099992
47540    3
4761066301
4761099992
47610    3
4781067981
4781099992
47810    3
4783067981
4783099992
47830    3
4810067171
4810099992
48100    3
4813067171
4813099992
48130    3
4818067171
4818099992
48180    3
4820068241
4820099992
48200    3
4821068241
4821099992
48210    3
4822068241
4822099992
48220    3
4823068091
4823099992
48230    3
4830067771
4830099992
48300    3
4831067771
4831099992
48310    3
4835067771
4835099992
48350    3
4840067771
4840099992
48400    3
4841068091
4841099992
48410    3
4860067181
4860099992
48600    3
4870068091
4870099992
48700    3
4871068091
4871099992
48710    3
4872067181
4872099992
48720    3
4877067181
4877099992
48770    3
4880067181
4880099992
48800    3
4890067181
4890099992
48900    3
4891067181
4891099992
48910    3
4893067181
4893099992
48930    3
4940067191
4940099992
49400    3
4941068151
4941099992
49410    3
4942068151
4942099992
49420    3
4946068151
4946099992
49460    3
4947067191
4947099992
49470    3
4948067191
4948099992
49480    3
4949068151
4949099992
49490    3
4951067191
4951099992
49510    3
4952067191
4952099992
49520    3
4954068151
4954099992
49540    3
4957067191
4957099992
49570    3
4961067191
4961099992
49610    3
4963067191
4963099992
49630    3
4964067191
4964099992
49640    3
4966067191
4966099992
49660    3
4990068021
4990099992
49900    3
4993068021
4993099992
49930    3
4996068021
4996099992
49960    3
4998068021
4998099992
49980    3
5010070011
5010099992
50100    3
5012070521
5012099992
50120    3
5013070521
5013099992
50130    3
5015070011
5015099992
50150    3
5016070011
5016099992
50160    3
5017070021
5017099992
50170    3
5018070021
5018099992
50180    3
5019070021
5019099992
50190    3
5035070021
5035099992
50350    3
5050070011
5050099992
50500    3
5052070011
5052099992
50520    3
5060070521
5060099992
50600    3
5077070011
5077099992
50770    3
5097070011
5097099992
50970    3
5120070031
5120099992
51200    3
5126070031
5126099992
51260    3
5127070031
5127099992
51270    3
5131070031
5131099992
51310    3
5133570031
5133599992
51335    3
5134070031
5134099992
51340    3
5136070031
5136099992
51360    3
5138070031
5138099992
51380    3
5143070031
5143099992
51430    3
5144070031
5144099992
51440    3
5152070011
5152099992
51520    3
5172070011
5172099992
51720    3
5174070011
5174099992
51740    3
5181070041
5181099992
51810    3
5182070041
5182099992
51820    3
5185070041
5185099992
51850    3
5186070041
5186099992
51860    3
5190070041
5190099992
51900    3
5193070041
5193099992
51930    3
5220070051
5220099992
52200    3
5227070051
5227099992
52270    3
5230070531
5230099992
52300    3
5232070531
5232099992
52320    3
5233070531
5233099992
52330    3
5234070531
5234099992
52340    3
5236070531
5236099992
52360    3
5242070531
5242099992
52420    3
5270070061
5270099992
52700    3
5276070061
5276099992
52760    3
5278070531
5278099992
52780    3
5289070061
5289099992
52890    3
5292070061
5292099992
52920    3
5296070061
5296099992
52960    3
5297070061
5297099992
52970    3
5298070061
5298099992
52980    3
5310067201
5310099992
53100    3
5313067201
5313099992
53130    3
5320067781
5320099992
53200    3
5330067211
5330099992
53300    3
5340067211
5340099992
53400    3
5342067211
5342099992
53420    3
5350067781
5350099992
53500    3
5360068031
5360099992
53600    3
5365068031
5365099992
53650    3
5381067221
5381099992
53810    3
5383067221
5383099992
53830    3
5385067221
5385099992
53850    3
5390068031
5390099992
53900    3
5392068031
5392099992
53920    3
5395068031
5395099992
53950    3
5410067231
5410067802
5410099993
5411067231
5411099992
54110    3
5412067231
5412099992
54120    3
5419067231
5419099992
54190    3
5439067201
5439099992
54390    3
5450067811
5450099992
54500    3
5451067811
5451099992
54510    3
5458067811
5458099992
54580    3
5459067811
5459099992
54590    3
5475067241
5475099992
54750    3
5480067241
5480099992
54800    3
5496067211
5496099992
54960    3
5510067251
5510099992
55100    3
5512067851
5512099992
55120    3
5540067851
5540099992
55400    3
5542067851
5542099992
55420    3
5551067851
5551099992
55510    3
5561068041
5561099992
55610    3
5570067261
5570099992
55700    3
5580067261
5580099992
55800    3
5591067261
5591099992
55910    3
5610067271
5610099992
56100    3
5612067271
5612099992
56120    3
5614067271
5614099992
56140    3
5644067271
5644099992
56440    3
5710070071
5710099992
57100    3
5712070071
5712099992
57120    3
5713070071
5713099992
57130    3
5715070071
5715099992
57150    3
5717070071
5717099992
57170    3
5720070081
5720099992
57200    3
5721070091
5721099992
57210    3
5722070091
5722099992
57220    3
5723070091
5723099992
57230    3
5731070091
5731099992
57310    3
5751070071
5751099992
57510    3
5771070071
5771099992
57710    3
5781070071
5781099992
57810    3
5820070101
5820099992
58200    3
5822070101
5822099992
58220    3
5826070101
5826099992
58260    3
5832070101
5832099992
58320    3
5877070071
5877099992
58770    3
5881070071
5881099992
58810    3
5883070581
5883099992
58830    3
5885070581
5885099992
58850    3
5890070581
5890099992
58900    3
5891070581
5891099992
58910    3
5892070581
5892099992
58920    3
5894070581
5894099992
58940    3
5910068291
5910099992
59100    3
5913068291
5913099992
59130    3
5931068291
5931099992
59310    3
5932068291
5932099992
59320    3
6010067291
6010067302
6010099993
6011067291
6011099992
60110    3
6012067301
6012099992
60120    3
6015067311
6015099992
60150    3
6020067291
6020099992
60200    3
6022067291
6022099992
60220    3
6028067291
6028099992
60280    3
6032067291
6032099992
60320    3
6042067291
6042099992
60420    3
6045067291
6045067302
6045099993
6051067321
6051099992
60510    3
6055067331
6055099992
60550    3
6056067361
6056099992
60560    3
6064067321
6064099992
60640    3
6072067341
6072099992
60720    3
6076067341
6076099992
60760    3
6080067341
6080099992
60800    3
6116067321
6116099992
61160    3
6122067351
6122099992
61220    3
6123067351
6123099992
61230    3
6125067381
6125099992
61250    3
6127067351
6127099992
61270    3
6128067381
6128099992
61280    3
6129067381
6129099992
61290    3
6130067351
6130099992
61300    3
6131067351
6131099992
61310    3
6133067341
6133099992
61330    3
6134067341
6134099992
61340    3
6135067341
6135099992
61350    3
6136067351
6136099992
61360    3
6137067351
6137099992
61370    3
6138067351
6138099992
61380    3
6140067361
6140099992
61400    3
6141067361
6141099992
61410    3
6143067361
6143099992
61430    3
6144067361
6144099992
61440    3
6145067361
6145099992
61450    3
6146067361
6146099992
61460    3
6150067371
6150099992
61500    3
6152067371
6152099992
61520    3
6155067371
6155099992
61550    3
6156067371
6156099992
61560    3
6160067381
6160099992
61600    3
6163067381
6163099992
61630    3
6164067381
6164099992
61640    3
6168067381
6168099992
61680    3
6171067381
6171099992
61710    3
6172067381
6172099992
61720    3
6173067381
6173099992
61730    3
6176067381
6176099992
61760    3
6180067391
6180099992
61800    3
6181067391
6181099992
61810    3
6182067391
6182099992
61820    3
6184067391
6184099992
61840    3
6185067391
6185099992
61850    3
6186067391
6186099992
61860    3
6188067391
6188099992
61880    3
6191067391
6191099992
61910    3
6192067391
6192099992
61920    3
6194067391
6194099992
61940    3
6195067391
6195099992
61950    3
6196067391
6196099992
61960    3
6198067391
6198099992
61980    3
6210067401
6210099992
62100    3
6213067401
6213099992
62130    3
6215067431
6215099992
62150    3
6216067401
6216099992
62160    3
6216567401
6216599992
62165    3
6217567401
6217599992
62175    3
6218567401
6218599992
62185    3
6219067401
6219099992
62190    3
6220067411
6220099992
62200    3
6222067411
6222099992
62220    3
6223067411
6223099992
62230    3
6224067411
6224099992
62240    3
6226067411
6226099992
62260    3
6228067431
6228099992
62280    3
6229067401
6229099992
62290    3
6230067421
6230099992
62300    3
6231067421
6231099992
62310    3
6234067421
6234099992
62340    3
6235067421
6235099992
62350    3
6237067431
6237099992
62370    3
6237567431
6237599992
62375    3
6238067431
6238099992
62380    3
6239567431
6239599992
62395    3
6244067421
6244099992
62440    3
6271067451
6271099992
62710    3
6272067451
6272099992
62720    3
6273067451
6273099992
62730    3
6274067451
6274099992
62740    3
6275067451
6275099992
62750    3
6276067451
6276099992
62760    3
6280067441
6280099992
62800    3
6281067441
6281099992
62810    3
6283067451
6283099992
62830    3
6284067441
6284099992
62840    3
6286067441
6286099992
62860    3
6287067441
6287099992
62870    3
6288067441
6288099992
62880    3
6290067451
6290099992
62900    3
6292067451
6292099992
62920    3
6294067451
6294099992
62940    3
6295067451
6295099992
62950    3
6299067451
6299099992
62990    3
6321067461
6321099992
63210    3
6330067461
6330099992
63300    3
6332067461
6332099992
63320    3
6333067461
6333099992
63330    3
6334067461
6334099992
63340    3
6335067461
6335099992
63350    3
6335567461
6335599992
63355    3
6336067461
6336099992
63360    3
6337067461
6337099992
63370    3
6340067461
6340099992
63400    3
6341067461
6341099992
63410    3
6343067461
6343099992
63430    3
6366067471
6366099992
63660    3
6370067471
6370099992
63700    3
6377067471
6377099992
63770    3
6378067471
6378099992
63780    3
6390067471
6390099992
63900    3
6391067471
6391099992
63910    3
6392067471
6392099992
63920    3
6395067471
6395099992
63950    3
6410067481
6410099992
64100    3
6414067481
6414099992
64140    3
6420067491
6420099992
64200    3
6421067491
6421099992
64210    3
6422067491
6422099992
64220    3
6423067491
6423099992
64230    3
6424067491
6424099992
64240    3
6425067491
6425099992
64250    3
6426067491
6426099992
64260    3
6430067481
6430099992
64300    3
6432067481
6432099992
64320    3
6444067481
6444099992
64440    3
6445067481
6445099992
64450    3
6446067481
6446099992
64460    3
6448067481
6448099992
64480    3
6449067481
6449099992
64490    3
6451067491
6451099992
64510    3
6453067491
6453099992
64530    3
6455067491
6455099992
64550    3
6461067491
6461099992
64610    3
6470067501
6470099992
64700    3
6472067501
6472099992
64720    3
6474067501
6474099992
64740    3
6476067501
6476099992
64760    3
6477067501
6477099992
64770    3
6510067541
6510067532
6510099993
6513067541
6513099992
65130    3
6517067541
6517099992
65170    3
6520067551
6520099992
65200    3
6523068191
6523099992
65230    3
6528068191
6528099992
65280    3
6530067531
6530099992
65300    3
6532067931
6532099992
65320    3
6535067931
6535099992
65350    3
6537067931
6537099992
65370    3
6538067931
6538099992
65380    3
6541067541
6541099992
65410    3
6552067931
6552099992
65520    3
6561067531
6561099992
65610    3
6630067511
6630099992
66300    3
6632067511
6632099992
66320    3
6633067511
6633099992
66330    3
6634067511
6634099992
66340    3
6635067511
6635099992
66350    3
6636067511
6636099992
66360    3
6637067511
6637099992
66370    3
6640067521
6640099992
66400    3
6642067521
6642099992
66420    3
6643067521
6643099992
66430    3
6644067831
6644099992
66440    3
6645067521
6645099992
66450    3
6646067521
6646099992
66460    3
6647067521
6647099992
66470    3
6650067831
6650099992
66500    3
6651067931
6651099992
66510    3
6652067931
6652099992
66520    3
6684067601
6684099992
66840    3
6685067601
6685099992
66850    3
6690067601
6690099992
66900    3
6691067601
6691099992
66910    3
6693067601
6693099992
66930    3
6695067601
6695099992
66950    3
6697067601
6697099992
66970    3
6698067601
6698099992
66980    3
6710067561
6710099992
67100    3
6720068051
6720099992
67200    3
6730068051
6730099992
67300    3
6740067561
6740099992
67400    3
6741067561
6741099992
67410    3
6750067561
6750099992
67500    3
6760067561
6760099992
67600    3
6770067561
6770099992
67700    3
6780067571
6780099992
67800    3
6790067571
6790099992
67900    3
6860067611
6860099992
68600    3
6862067941
6862099992
68620    3
6863067941
6863099992
68630    3
6866067611
6866099992
68660    3
6869067611
6869099992
68690    3
6910066411
6910099992
69100    3
6915066411
6915099992
69150    3
6917066411
6917099992
69170    3
6921066411
6921099992
69210    3
6930067581
6930099992
69300    3
6931067581
6931099992
69310    3
6933067581
6933099992
69330    3
6934067581
6934099992
69340    3
6960067591
6960099992
69600    3
6962067591
6962099992
69620    3
6966067591
6966099992
69660    3
7010070111
7010070692
7010099993
7011070121
7011099992
70110    3
7015070601
7015099992
70150    3
7020070131
7020099992
70200    3
7021070131
7021099992
70210    3
7024070131
7024099992
70240    3
7026070591
7026099992
70260    3
7028070131
7028099992
70280    3
7030070111
7030099992
70300    3
7034070111
7034099992
70340    3
7040070591
7040099992
70400    3
7042070591
7042099992
70420    3
7046070141
7046099992
70460    3
7050070151
7050099992
70500    3
7060070601
7060099992
70600    3
7062070121
7062099992
70620    3
7070070601
7070099992
70700    3
7078070171
7078099992
70780    3
7080070171
7080099992
70800    3
7082070171
7082070702
7082099993
7084070701
7084099992
70840    3
7087070171
7087099992
70870    3
7090070591
7090070182
7090099993
7091070591
7091099992
70910    3
7094070591
7094099992
70940    3
7113070111
7113099992
71130    3
7149070171
7149099992
71490    3
7152070171
7152099992
71520    3
7180070181
7180099992
71800    3
7184070181
7184099992
71840    3
7185070181
7185099992
71850    3
7187070181
7187099992
71870    3
7189070181
7189099992
71890    3
7195070311
7195099992
71950    3
7240070191
7240099992
72400    3
7243070191
7243099992
72430    3
7251070191
7251099992
72510    3
7253070191
7253099992
72530    3
7255070191
7255099992
72550    3
7257070191
7257099992
72570    3
7271070191
7271099992
72710    3
7274070191
7274099992
72740    3
7281070191
7281099992
72810    3
7310070201
7310099992
73100    3
7312070201
7312099992
73120    3
7330070311
7330099992
73300    3
7331070311
7331099992
73310    3
7332070311
7332099992
73320    3
7335070311
7335099992
73350    3
7336070311
7336099992
73360    3
7341070311
7341099992
73410    3
7346070611
7346099992
73460    3
7347070611
7347099992
73470    3
7350070611
7350099992
73500    3
7360070621
7360099992
73600    3
7362070621
7362099992
73620    3
7367070621
7367099992
73670    3
7371070611
7371099992
73710    3
7410070301
7410099992
74100    3
7412070301
7412099992
74120    3
7413070301
7413099992
74130    3
7416070301
7416099992
74160    3
7417070301
7417099992
74170    3
7430070211
7430099992
74300    3
7436070211
7436099992
74360    3
7449070211
7449099992
74490    3
7451070301
7451099992
74510    3
7454070301
7454099992
74540    3
7459070301
7459099992
74590    3
7461070221
7461099992
74610    3
7463070221
7463099992
74630    3
7464070221
7464099992
74640    3
7467070221
7467099992
74670    3
7468070221
7468099992
74680    3
7470070221
7470099992
74700    3
7472070221
7472099992
74720    3
7474070221
7474099992
74740    3
7477070221
7477099992
74770    3
7484070221
7484099992
74840    3
7494070221
7494099992
74940    3
7498070221
7498099992
74980    3
7550070231
7550099992
75500    3
7553070241
7553099992
75530    3
7565070241
7565099992
75650    3
7571070241
7571099992
75710    3
7589070241
7589099992
75890    3
7593070241
7593099992
75930    3
7594070241
7594099992
75940    3
7597070321
7597099992
75970    3
7599070231
7599099992
75990    3
7610075221
7610099992
76100    3
7612075221
7612099992
76120    3
7613075221
7613099992
76130    3
7615075231
7615099992
76150    3
7662075221
7662099992
76620    3
7678075221
7678099992
76780    3
7685075241
7685099992
76850    3
7694075221
7694099992
76940    3
7711075241
7711099992
77110    3
7712075221
7712099992
77120    3
7714075241
7714099992
77140    3
7722075221
7722099992
77220    3
7724075221
7724099992
77240    3
7743075221
7743099992
77430    3
7752075221
7752099992
77520    3
7760070251
7760099992
77600    3
7763070251
7763099992
77630    3
7769070251
7769099992
77690    3
7770070261
7770099992
77700    3
7777070261
7777099992
77770    3
7780070251
7780099992
77800    3
7791070261
7791099992
77910    3
7793070261
7793099992
77930    3
7820070481
7820070272
7820099993
7821070481
7821070272
7821099993
7825070481
7825099992
78250    3
7830070281
7830099992
78300    3
7831070281
7831099992
78310    3
7840070281
7840099992
78400    3
7848070481
7848099992
78480    3
7861070481
7861099992
78610    3
7871070481
7871099992
78710    3
7885070481
7885099992
78850    3
7887070481
7887099992
78870    3
7888070481
7888099992
78880    3
7890070481
7890099992
78900    3
7910070291
7910099992
79100    3
7914070291
7914099992
79140    3
7918070291
7918099992
79180    3
7919070291
7919099992
79190    3
7925570291
7925599992
79255    3
7926570291
7926599992
79265    3
7941070481
7941099992
79410    3
7960070461
7960099992
79600    3
7962070461
7962099992
79620    3
7963070461
7963099992
79630    3
7966070461
7966099992
79660    3
7968070461
7968099992
79680    3
7970070321
7970099992
79700    3
7991070321
7991099992
79910    3
8010070331
8010099992
80100    3
8011070401
8011099992
80110    3
8013070331
8013099992
80130    3
8014070471
8014099992
80140    3
8016070341
8016099992
80160    3
8017070341
8017099992
80170    3
8020070331
8020099992
80200    3
8021070331
8021099992
80210    3
8022070331
8022099992
80220    3
8023070331
8023099992
80230    3
8026070331
8026099992
80260    3
8033070331
8033099992
80330    3
8040070471
8040099992
80400    3
8051070471
8051099992
80510    3
8071070331
8071099992
80710    3
8077070331
8077099992
80770    3
8078070331
8078099992
80780    3
8079070331
8079099992
80790    3
8085070341
8085099992
80850    3
8091070341
8091099992
80910    3
8110070331
8110099992
81100    3
8120070631
8120099992
81200    3
8121070631
8121099992
81210    3
8126070631
8126099992
81260    3
8127070631
8127099992
81270    3
8128070671
8128099992
81280    3
8129070671
8129099992
81290    3
8129570671
8129599992
81295    3
8132070631
8132099992
81320    3
8133070631
8133099992
81330    3
8135070371
8135099992
81350    3
8145070371
8145099992
81450    3
8146070371
8146099992
81460    3
8147070371
8147099992
81470    3
8157070351
8157099992
81570    3
8165070351
8165099992
81650    3
8166070351
8166099992
81660    3
8170070351
8170099992
81700    3
8172070681
8172099992
81720    3
8181070351
8181099992
81810    3
8182070351
8182099992
81820    3
8195070351
8195099992
81950    3
8197070351
8197099992
81970    3
8235070651
8235099992
82350    3
8236070651
8236099992
82360    3
8239570361
8239599992
82395    3
8249070361
8249099992
82490    3
8250070361
8250099992
82500    3
8251070361
8251099992
82510    3
8258070361
8258099992
82580    3
8259070361
8259099992
82590    3
8260070651
8260099992
82600    3
8266070651
8266099992
82660    3
8281570371
8281599992
82815    3
8282070371
8282099992
82820    3
8290070371
8290099992
82900    3
8291570371
8291599992
82915    3
8296070371
8296099992
82960    3
8296770371
8296799992
82967    3
8298070371
8298099992
82980    3
8350070381
8350099992
83500    3
8355070381
8355099992
83550    3
8366070381
8366099992
83660    3
8370070391
8370099992
83700    3
8372070391
8372099992
83720    3
8375070391
8375099992
83750    3
8376070391
8376099992
83760    3
8378070391
8378099992
83780    3
8382570391
8382599992
83825    3
8383070391
8383099992
83830    3
8383570391
8383599992
83835    3
8384070391
8384099992
83840    3
8384570391
8384599992
83845    3
8385570391
8385599992
83855    3
8410075251
8410099992
84100    3
8446075251
8446099992
84460    3
8454075251
8454099992
84540    3
8465075251
8465099992
84650    3
8477075251
8477099992
84770    3
8488075251
8488099992
84880    3
8510075261
8510099992
85100    3
8512075261
8512099992
85120    3
8514075261
8514099992
85140    3
8515075261
8515099992
85150    3
8516075261
8516099992
85160    3
8518075261
8518099992
85180    3
8520075251
8520099992
85200    3
8521075251
8521099992
85210    3
8550075271
8550099992
85500    3
8554075271
8554099992
85540    3
8556075271
8556099992
85560    3
8558075271
8558099992
85580    3
8562075271
8562099992
85620    3
8563075271
8563099992
85630    3
8564075271
8564099992
85640    3
8566075271
8566099992
85660    3
8571075281
8571099992
85710    3
8573075281
8573099992
85730    3
8580075281
8580099992
85800    3
8582075281
8582099992
85820    3
8584075281
8584099992
85840    3
8590075821
8590099992
85900    3
8592075821
8592099992
85920    3
8593075821
8593099992
85930    3
8594075821
8594099992
85940    3
8598075821
8598099992
85980    3
8621075301
8621099992
86210    3
8623075301
8623099992
86230    3
8630075301
8630099992
86300    3
8648075321
8648099992
86480    3
8651075301
8651099992
86510    3
8653075301
8653099992
86530    3
8655075321
8655099992
86550    3
8660075321
8660099992
86600    3
8665075321
8665099992
86650    3
8666075321
8666099992
86660    3
8668075321
8668099992
86680    3
8669075321
8669099992
86690    3
8671075331
8671099992
86710    3
8675075331
8675099992
86750    3
8676075331
8676099992
86760    3
8679075331
8679099992
86790    3
8680075341
8680099992
86800    3
8681075341
8681099992
86810    3
8682075341
8682099992
86820    3
8684075341
8684099992
86840    3
8685075341
8685099992
86850    3
8687075341
8687099992
86870    3
8690075341
8690099992
86900    3
8698075341
8698099992
86980    3
8710070411
8710070492
8710099993
8714070491
8714099992
87140    3
8715070411
8715099992
87150    3
8720070421
8720099992
87200    3
8725070421
8725099992
87250    3
8730070491
8730099992
87300    3
8740070641
8740099992
87400    3
8750070641
8750099992
87500    3
8760070641
8760099992
87600    3
8770070411
8770099992
87700    3
8783070411
8783099992
87830    3
8791070421
8791099992
87910    3
8812070431
8812099992
88120    3
8860070431
8860099992
88600    3
8861070431
8861099992
88610    3
8861570431
8861599992
88615    3
8862070431
8862099992
88620    3
8864070431
8864099992
88640    3
8867070431
8867099992
88670    3
8869070431
8869099992
88690    3
8874070501
8874099992
88740    3
8876070501
8876099992
88760    3
8882070501
8882099992
88820    3
8890070501
8890099992
88900    3
8894070501
8894099992
88940    3
8895070501
8895099992
88950    3
8911070511
8911099992
89110    3
8914070511
8914099992
89140    3
8920070511
8920099992
89200    3
8921070511
8921099992
89210    3
8935070511
8935099992
89350    3
8940070661
8940099992
89400    3
8943070661
8943099992
89430    3
8944070451
8944099992
89440    3
8956070661
8956099992
89560    3
8960070451
8960099992
89600    3
8961070451
8961099992
89610    3
8964070451
8964099992
89640    3
8966070451
8966099992
89660    3
8967070451
8967099992
89670    3
8968070451
8968099992
89680    3
8973070451
8973099992
89730    3
8974070451
8974099992
89740    3
8976070451
8976099992
89760    3
8977070451
8977099992
89770    3
8978070451
8978099992
89780    3
8980070451
8980099992
89800    3
8983070451
8983099992
89830    3
8984070451
8984099992
89840    3
8992070451
8992099992
89920    3
9010075391
9010075832
9010099993
9012075831
9012099992
90120    3
9013075391
9013075832
9013099993
9014075401
9014099992
90140    3
9015075401
9015099992
90150    3
9022075421
9022099992
90220    3
9023075421
9023099992
90230    3
9024075431
9024099992
90240    3
9025075441
9025099992
90250    3
9031075431
9031099992
90310    3
9040075831
9040099992
90400    3
9041075411
9041099992
90410    3
9042076091
9042099992
90420    3
9044075451
9044099992
90440    3
9045075451
9045099992
90450    3
9046075461
9046099992
90460    3
9047075461
9047099992
90470    3
9048075461
9048099992
90480    3
9050075471
9050099992
90500    3
9052075991
9052099992
90520    3
9053075471
9053099992
90530    3
9054075501
9054099992
90540    3
9055075501
9055099992
90550    3
9056075991
9056099992
90560    3
9057075501
9057099992
90570    3
9058076061
9058099992
90580    3
9059075501
9059099992
90590    3
9062075941
9062099992
90620    3
9063075941
9063099992
90630    3
9065075941
9065099992
90650    3
9066075941
9066099992
90660    3
9067075941
9067099992
90670    3
9080075511
9080099992
90800    3
9081075951
9081099992
90810    3
9082075951
9082099992
90820    3
9083075521
9083099992
90830    3
9084075521
9084099992
90840    3
9085075521
9085099992
90850    3
9086075521
9086099992
90860    3
9090075531
9090099992
90900    3
9091075531
9091099992
90910    3
9094075541
9094099992
90940    3
9110075551
9110099992
91100    3
9111075551
9111099992
91110    3
9114075551
9114099992
91140    3
9115075551
9115099992
91150    3
9120075551
9120099992
91200    3
9121075551
9121099992
91210    3
9126075551
9126099992
91260    3
9130075531
9130099992
91300    3
9131075531
9131099992
91310    3
9180075571
9180099992
91800    3
9190075571
9190099992
91900    3
9191075571
9191099992
91910    3
9193075571
9193099992
91930    3
9198075571
9198099992
91980    3
9210075351
9210099992
92100    3
9212075361
9212099992
92120    3
9213076011
9213099992
92130    3
9214076011
9214099992
92140    3
9215075351
9215099992
92150    3
9216075351
9216099992
92160    3
9218075351
9218099992
92180    3
9221075351
9221099992
92210    3
9222075351
9222099992
92220    3
9223075351
9223099992
92230    3
9224075351
9224099992
92240    3
9226075351
9226099992
92260    3
9310075581
9310099992
93100    3
9314075581
9314099992
93140    3
9316075581
9316099992
93160    3
9317075581
9317099992
93170    3
9318075581
9318099992
93180    3
9319075581
9319099992
93190    3
9319575581
9319599992
93195    3
9322075581
9322099992
93220    3
9322575581
9322599992
93225    3
9327075581
9327099992
93270    3
9327775581
9327799992
93277    3
9329075581
9329099992
93290    3
9335075581
9335099992
93350    3
9340075591
9340099992
93400    3
9342075591
9342099992
93420    3
9344075591
9344099992
93440    3
9347075591
9347099992
93470    3
9360075601
9360099992
93600    3
9363075601
9363099992
93630    3
9368075601
9368099992
93680    3
9369075601
9369099992
93690    3
9373075601
9373099992
93730    3
9376075601
9376099992
93760    3
9382075601
9382099992
93820    3
9382575601
9382599992
93825    3
9392075601
9392099992
93920    3
9394075601
9394099992
93940    3
9398075601
9398099992
93980    3
9399075601
9399099992
93990    3
9399975601
9399999992
93999    3
9410075611
9410099992
94100    3
9420075611
9420099992
94200    3
9430075611
9430099992
94300    3
9440075621
9440099992
94400    3
9443075621
9443099992
94430    3
9445075621
9445099992
94450    3
9446075621
9446099992
94460    3
9450076021
9450099992
94500    3
9460075611
9460099992
94600    3
9470075631
9470099992
94700    3
9472075631
9472099992
94720    3
9480075631
9480099992
94800    3
9490075611
9490099992
94900    3
9528575751
9528599992
95285    3
9529075751
9529099992
95290    3
9529575751
9529599992
95295    3
9530076031
9530099992
95300    3
9531075621
9531099992
95310    3
9531575621
9531599992
95315    3
9532576031
9532599992
95325    3
9533076031
9533099992
95330    3
9534076031
9534099992
95340    3
9535076031
9535099992
95350    3
9535576031
9535599992
95355    3
9536576021
9536599992
95365    3
9537076021
9537099992
95370    3
9537576031
9537599992
95375    3
9540075651
9540099992
95400    3
9542075661
9542099992
95420    3
9543075651
9543099992
95430    3
9544075661
9544099992
95440    3
9545075661
9545099992
95450    3
9546075651
9546099992
95460    3
9547075661
9547099992
95470    3
9549075651
9549099992
95490    3
9550075661
9550099992
95500    3
9552075661
9552099992
95520    3
9553075661
9553099992
95530    3
9554075661
9554099992
95540    3
9556075661
9556099992
95560    3
9559075661
9559099992
95590    3
9564075871
9564099992
95640    3
9564575871
9564599992
95645    3
9570075871
9570099992
95700    3
9571075871
9571099992
95710    3
9572075871
9572099992
95720    3
9575075871
9575099992
95750    3
9576075871
9576099992
95760    3
9577075871
9577099992
95770    3
9578075871
9578099992
95780    3
9579075871
9579099992
95790    3
9580075881
9580099992
95800    3
9583075881
9583099992
95830    3
9584075881
9584099992
95840    3
9586075881
9586099992
95860    3
9590075881
9590099992
95900    3
9592075881
9592099992
95920    3
9593075881
9593099992
95930    3
9594075881
9594099992
95940    3
9595075881
9595099992
95950    3
9599075881
9599099992
95990    3
9610075691
9610075892
9610099993
9619075891
9619099992
96190    3
9620075701
9620099992
96200    3
9630075721
9630099992
96300    3
9632075721
9632099992
96320    3
9640075371
9640099992
96400    3
9644075901
9644099992
96440    3
9646075901
9646099992
96460    3
9650075731
9650099992
96500    3
9660075701
9660099992
96600    3
9670075721
9670099992
96700    3
9680075891
9680099992
96800    3
9690075741
9690099992
96900    3
9691075741
9691099992
96910    3
9693075741
9693099992
96930    3
9696075741
9696099992
96960    3
9711075691
9711099992
97110    3
9738075791
9738099992
97380    3
9739075791
9739099992
97390    3
9743075881
9743099992
97430    3
9747075671
9747099992
97470    3
9761075741
9761099992
97610    3
9764575771
9764599992
97645    3
9766575751
9766599992
97665    3
9766775751
9766799992
97667    3
9767075691
9767099992
97670    3
9767575691
9767599992
97675    3
9768075691
9768099992
97680    3
9768575691
9768599992
97685    3
9769075691
9769099992
97690    3
9770075751
9770099992
97700    3
9771575751
9771599992
97715    3
9772075751
9772099992
97720    3
9774075751
9774099992
97740    3
9774575751
9774599992
97745    3
9775575751
9775599992
97755    3
9776075751
9776099992
97760    3
9776575751
9776599992
97765    3
9777075751
9777099992
97770    3
9778075751
9778099992
97780    3
9778575751
9778599992
97785    3
9781075761
9781099992
97810    3
9781575761
9781599992
97815    3
9782075761
9782099992
97820    3
9784075761
9784099992
97840    3
9785075761
9785099992
97850    3
9787075761
9787099992
97870    3
9788075761
9788099992
97880    3
9789075761
9789099992
97890    3
9789575761
9789599992
97895    3
9790075761
9790099992
97900    3
9792075761
9792099992
97920    3
9792575761
9792599992
97925    3
9794075761
9794099992
97940    3
9795075761
9795099992
97950    3
9796075761
9796099992
97960    3
9796575761
9796599992
97965    3
9797075761
9797099992
97970    3
9798075761
9798099992
97980    3
9810075771
9810099992
98100    3
9812076071
9812099992
98120    3
9823075771
9823099992
98230    3
9831076071
9831099992
98310    3
9835075771
9835099992
98350    3
9836075771
9836099992
98360    3
9840075771
9840099992
98400    3
9842075771
9842099992
98420    3
9844075771
9844099992
98440    3
9845075771
9845099992
98450    3
9855075771
9855099992
98550    3
9860075781
9860099992
98600    3
9862075771
9862099992
98620    3
9863075771
9863099992
98630    3
9866075781
9866099992
98660    3
9871075771
9871099992
98710    3
9872075771
9872099992
98720    3
9876075771
9876099992
98760    3
9877075771
9877099992
98770    3
9878075761
9878099992
98780    3
9879075761
9879099992
98790    3
9890075781
9890099992
98900    3
9892075781
9892099992
98920    3
9893075781
9893099992
98930    3
9895075781
9895099992
98950    3
9896075781
9896099992
98960    3
9897075781
9897099992
98970    3
9898075781
9898099992
98980    3
9899575781
9899599992
98995    3
9910075671
9910099992
99100    3
9913076051
9913099992
99130    3
9913576051
9913599992
99135    3
9914076051
9914099992
99140    3
9915076051
9915099992
99150    3
9916076051
9916099992
99160    3
9917076051
9917099992
99170    3
9918076051
9918099992
99180    3
9919076051
9919099992
99190    3
9919576051
9919599992
99195    3
9923075671
9923099992
99230    3
9924075671
9924099992
99240    3
9927075671
9927099992
99270    3
9928075671
9928099992
99280    3
9929075671
9929099992
99290    3
9930075681
9930099992
99300    3
9931075681
9931099992
99310    3
9932075681
9932099992
99320    3
9933075681
9933099992
99330    3
9934075681
9934099992
99340    3
9936075681
9936099992
99360    3
9938075681
9938099992
99380    3
9951075791
9951099992
99510    3
9952075791
9952099992
99520    3
9953075791
9953099992
99530    3
9954075791
9954099992
99540    3
9955075791
9955099992
99550    3
9955575791
9955599992
99555    3
9956075791
9956099992
99560    3
9960075791
9960099992
99600    3
9961075791
9961099992
99610    3
9962075791
9962099992
99620    3
9964575791
9964599992
99645    3
9965075791
9965099992
99650    3
9965575791
9965599992
99655    3
9966075791
9966099992
99660    3
9966575791
9966599992
99665    3
9967075791
9967099992
99670    3
9968075791
9968099992
99680    3
9971075791
9971099992
99710    3
9972075791
9972099992
99720    3
9974075791
9974099992
99740    3
9975075791
9975099992
99750    3
9976075791
9976099992
99760    3
9977075791
9977099992
99770    3
9980075801
9980099992
99800    3
